{
 "cells": [
  {
   "cell_type": "code",
   "execution_count": 1,
   "id": "3481f0cb",
   "metadata": {},
   "outputs": [],
   "source": [
    "# Data Science Libraries\n",
    "import matplotlib.pyplot as plt\n",
    "import seaborn as sns\n",
    "import pandas as pd\n",
    "import numpy as np\n",
    "import os\n",
    "\n",
    "# Linear ALgorithms\n",
    "from sklearn.linear_model import LogisticRegression\n",
    "from sklearn.neighbors import KNeighborsClassifier\n",
    "\n",
    "# Tree Based Algorithms\n",
    "from sklearn.tree import DecisionTreeClassifier\n",
    "from sklearn.ensemble import RandomForestClassifier, AdaBoostClassifier, ExtraTreesClassifier, GradientBoostingClassifier\n",
    "from lightgbm import LGBMClassifier\n",
    "from xgboost import XGBClassifier\n",
    "\n",
    "# Machine Learning proccessing \n",
    "from sklearn.model_selection import train_test_split\n",
    "from sklearn.preprocessing import StandardScaler, MinMaxScaler, LabelEncoder\n",
    "from sklearn.metrics import classification_report, confusion_matrix, roc_auc_score, roc_curve"
   ]
  },
  {
   "cell_type": "code",
   "execution_count": 2,
   "id": "b33f32e1",
   "metadata": {},
   "outputs": [],
   "source": [
    "# Display options\n",
    "pd.set_option('display.max_columns', None)\n",
    "pd.set_option(\"display.max_colwidth\", None)\n",
    "pd.set_option(\"display.max_rows\", None)"
   ]
  },
  {
   "cell_type": "code",
   "execution_count": 3,
   "id": "edef6548",
   "metadata": {},
   "outputs": [],
   "source": [
    "# Read in CSV\n",
    "df = pd.read_csv(\"FinalDS.csv\")"
   ]
  },
  {
   "cell_type": "code",
   "execution_count": 27,
   "id": "7ec793cc",
   "metadata": {},
   "outputs": [
    {
     "name": "stdout",
     "output_type": "stream",
     "text": [
      "<class 'pandas.core.frame.DataFrame'>\n",
      "RangeIndex: 1830 entries, 0 to 1829\n",
      "Data columns (total 14 columns):\n",
      " #   Column       Non-Null Count  Dtype  \n",
      "---  ------       --------------  -----  \n",
      " 0   Returns      1825 non-null   float64\n",
      " 1   Volatility   1825 non-null   float64\n",
      " 2   Node         1830 non-null   object \n",
      " 3   Date         1830 non-null   object \n",
      " 4   Sit          1830 non-null   float64\n",
      " 5   INV          1830 non-null   int64  \n",
      " 6   DNG          1830 non-null   float64\n",
      " 7   QNG          1830 non-null   float64\n",
      " 8   HHDiffit     1830 non-null   float64\n",
      " 9   Ft           1830 non-null   float64\n",
      " 10  COT          1830 non-null   int64  \n",
      " 11  HHst         1830 non-null   float64\n",
      " 12  TFE          1830 non-null   int64  \n",
      " 13  Unnamed: 13  1829 non-null   object \n",
      "dtypes: float64(8), int64(3), object(3)\n",
      "memory usage: 200.3+ KB\n"
     ]
    }
   ],
   "source": [
    "df.info()"
   ]
  },
  {
   "cell_type": "code",
   "execution_count": 4,
   "id": "7af428ac",
   "metadata": {
    "scrolled": true
   },
   "outputs": [
    {
     "data": {
      "text/html": [
       "<div>\n",
       "<style scoped>\n",
       "    .dataframe tbody tr th:only-of-type {\n",
       "        vertical-align: middle;\n",
       "    }\n",
       "\n",
       "    .dataframe tbody tr th {\n",
       "        vertical-align: top;\n",
       "    }\n",
       "\n",
       "    .dataframe thead th {\n",
       "        text-align: right;\n",
       "    }\n",
       "</style>\n",
       "<table border=\"1\" class=\"dataframe\">\n",
       "  <thead>\n",
       "    <tr style=\"text-align: right;\">\n",
       "      <th></th>\n",
       "      <th>Returns</th>\n",
       "      <th>Volatility</th>\n",
       "      <th>Node</th>\n",
       "      <th>Date</th>\n",
       "      <th>Sit</th>\n",
       "      <th>INV</th>\n",
       "      <th>DNG</th>\n",
       "      <th>QNG</th>\n",
       "      <th>HHDiffit</th>\n",
       "      <th>Ft</th>\n",
       "      <th>COT</th>\n",
       "      <th>HHst</th>\n",
       "      <th>TFE</th>\n",
       "      <th>Unnamed: 13</th>\n",
       "    </tr>\n",
       "  </thead>\n",
       "  <tbody>\n",
       "    <tr>\n",
       "      <th>0</th>\n",
       "      <td>NaN</td>\n",
       "      <td>NaN</td>\n",
       "      <td>East</td>\n",
       "      <td>1/1/2010</td>\n",
       "      <td>7.66</td>\n",
       "      <td>769</td>\n",
       "      <td>174475.2</td>\n",
       "      <td>13475.0</td>\n",
       "      <td>-1.78</td>\n",
       "      <td>5.770</td>\n",
       "      <td>724087</td>\n",
       "      <td>5.88</td>\n",
       "      <td>1</td>\n",
       "      <td>NaN</td>\n",
       "    </tr>\n",
       "    <tr>\n",
       "      <th>1</th>\n",
       "      <td>-0.481303</td>\n",
       "      <td>0.484173</td>\n",
       "      <td>East</td>\n",
       "      <td>1/8/2010</td>\n",
       "      <td>7.66</td>\n",
       "      <td>703</td>\n",
       "      <td>174475.2</td>\n",
       "      <td>13475.0</td>\n",
       "      <td>-1.10</td>\n",
       "      <td>5.818</td>\n",
       "      <td>760159</td>\n",
       "      <td>6.56</td>\n",
       "      <td>2</td>\n",
       "      <td>0.231652755</td>\n",
       "    </tr>\n",
       "    <tr>\n",
       "      <th>2</th>\n",
       "      <td>0.587787</td>\n",
       "      <td>0.595347</td>\n",
       "      <td>East</td>\n",
       "      <td>1/15/2010</td>\n",
       "      <td>7.66</td>\n",
       "      <td>642</td>\n",
       "      <td>174475.2</td>\n",
       "      <td>13475.0</td>\n",
       "      <td>-1.98</td>\n",
       "      <td>5.610</td>\n",
       "      <td>782549</td>\n",
       "      <td>5.68</td>\n",
       "      <td>3</td>\n",
       "      <td>1.17557333</td>\n",
       "    </tr>\n",
       "    <tr>\n",
       "      <th>3</th>\n",
       "      <td>0.058840</td>\n",
       "      <td>0.061240</td>\n",
       "      <td>East</td>\n",
       "      <td>1/22/2010</td>\n",
       "      <td>7.66</td>\n",
       "      <td>616</td>\n",
       "      <td>174475.2</td>\n",
       "      <td>13475.0</td>\n",
       "      <td>-2.10</td>\n",
       "      <td>5.625</td>\n",
       "      <td>769887</td>\n",
       "      <td>5.56</td>\n",
       "      <td>4</td>\n",
       "      <td>0.117681</td>\n",
       "    </tr>\n",
       "    <tr>\n",
       "      <th>4</th>\n",
       "      <td>0.041964</td>\n",
       "      <td>0.044199</td>\n",
       "      <td>East</td>\n",
       "      <td>1/29/2010</td>\n",
       "      <td>7.66</td>\n",
       "      <td>582</td>\n",
       "      <td>174475.2</td>\n",
       "      <td>13475.0</td>\n",
       "      <td>-2.19</td>\n",
       "      <td>5.350</td>\n",
       "      <td>782673</td>\n",
       "      <td>5.47</td>\n",
       "      <td>5</td>\n",
       "      <td>0.083928398</td>\n",
       "    </tr>\n",
       "  </tbody>\n",
       "</table>\n",
       "</div>"
      ],
      "text/plain": [
       "    Returns  Volatility  Node       Date   Sit  INV       DNG      QNG  \\\n",
       "0       NaN         NaN  East   1/1/2010  7.66  769  174475.2  13475.0   \n",
       "1 -0.481303    0.484173  East   1/8/2010  7.66  703  174475.2  13475.0   \n",
       "2  0.587787    0.595347  East  1/15/2010  7.66  642  174475.2  13475.0   \n",
       "3  0.058840    0.061240  East  1/22/2010  7.66  616  174475.2  13475.0   \n",
       "4  0.041964    0.044199  East  1/29/2010  7.66  582  174475.2  13475.0   \n",
       "\n",
       "   HHDiffit     Ft     COT  HHst  TFE  Unnamed: 13  \n",
       "0     -1.78  5.770  724087  5.88    1          NaN  \n",
       "1     -1.10  5.818  760159  6.56    2  0.231652755  \n",
       "2     -1.98  5.610  782549  5.68    3   1.17557333  \n",
       "3     -2.10  5.625  769887  5.56    4     0.117681  \n",
       "4     -2.19  5.350  782673  5.47    5  0.083928398  "
      ]
     },
     "execution_count": 4,
     "metadata": {},
     "output_type": "execute_result"
    }
   ],
   "source": [
    "df.head()"
   ]
  },
  {
   "cell_type": "code",
   "execution_count": 5,
   "id": "ce44f6cb",
   "metadata": {
    "scrolled": true
   },
   "outputs": [
    {
     "data": {
      "text/html": [
       "<div>\n",
       "<style scoped>\n",
       "    .dataframe tbody tr th:only-of-type {\n",
       "        vertical-align: middle;\n",
       "    }\n",
       "\n",
       "    .dataframe tbody tr th {\n",
       "        vertical-align: top;\n",
       "    }\n",
       "\n",
       "    .dataframe thead th {\n",
       "        text-align: right;\n",
       "    }\n",
       "</style>\n",
       "<table border=\"1\" class=\"dataframe\">\n",
       "  <thead>\n",
       "    <tr style=\"text-align: right;\">\n",
       "      <th></th>\n",
       "      <th>Returns</th>\n",
       "      <th>Volatility</th>\n",
       "      <th>Sit</th>\n",
       "      <th>INV</th>\n",
       "      <th>DNG</th>\n",
       "      <th>QNG</th>\n",
       "      <th>HHDiffit</th>\n",
       "      <th>Ft</th>\n",
       "      <th>COT</th>\n",
       "      <th>HHst</th>\n",
       "      <th>TFE</th>\n",
       "    </tr>\n",
       "  </thead>\n",
       "  <tbody>\n",
       "    <tr>\n",
       "      <th>count</th>\n",
       "      <td>1825.000000</td>\n",
       "      <td>1825.000000</td>\n",
       "      <td>1830.000000</td>\n",
       "      <td>1830.000000</td>\n",
       "      <td>1830.000000</td>\n",
       "      <td>1830.000000</td>\n",
       "      <td>1830.000000</td>\n",
       "      <td>1830.000000</td>\n",
       "      <td>1.830000e+03</td>\n",
       "      <td>1830.000000</td>\n",
       "      <td>1830.000000</td>\n",
       "    </tr>\n",
       "    <tr>\n",
       "      <th>mean</th>\n",
       "      <td>-0.006612</td>\n",
       "      <td>0.230426</td>\n",
       "      <td>5.007738</td>\n",
       "      <td>559.764481</td>\n",
       "      <td>89909.475410</td>\n",
       "      <td>91564.290164</td>\n",
       "      <td>-1.519760</td>\n",
       "      <td>3.493694</td>\n",
       "      <td>1.055391e+06</td>\n",
       "      <td>3.487978</td>\n",
       "      <td>183.500000</td>\n",
       "    </tr>\n",
       "    <tr>\n",
       "      <th>std</th>\n",
       "      <td>0.419628</td>\n",
       "      <td>0.355495</td>\n",
       "      <td>1.566180</td>\n",
       "      <td>348.303130</td>\n",
       "      <td>51761.103874</td>\n",
       "      <td>95923.960180</td>\n",
       "      <td>1.356882</td>\n",
       "      <td>0.872201</td>\n",
       "      <td>1.749606e+05</td>\n",
       "      <td>0.936041</td>\n",
       "      <td>105.683584</td>\n",
       "    </tr>\n",
       "    <tr>\n",
       "      <th>min</th>\n",
       "      <td>-4.025352</td>\n",
       "      <td>0.000135</td>\n",
       "      <td>2.250000</td>\n",
       "      <td>80.000000</td>\n",
       "      <td>20309.200000</td>\n",
       "      <td>0.000000</td>\n",
       "      <td>-7.230000</td>\n",
       "      <td>1.687000</td>\n",
       "      <td>7.240870e+05</td>\n",
       "      <td>1.570000</td>\n",
       "      <td>1.000000</td>\n",
       "    </tr>\n",
       "    <tr>\n",
       "      <th>25%</th>\n",
       "      <td>-0.112186</td>\n",
       "      <td>0.036834</td>\n",
       "      <td>3.980000</td>\n",
       "      <td>249.250000</td>\n",
       "      <td>46073.000000</td>\n",
       "      <td>4879.750000</td>\n",
       "      <td>-2.070000</td>\n",
       "      <td>2.772000</td>\n",
       "      <td>9.489800e+05</td>\n",
       "      <td>2.790000</td>\n",
       "      <td>92.000000</td>\n",
       "    </tr>\n",
       "    <tr>\n",
       "      <th>50%</th>\n",
       "      <td>0.000000</td>\n",
       "      <td>0.103798</td>\n",
       "      <td>4.720000</td>\n",
       "      <td>482.500000</td>\n",
       "      <td>71874.750000</td>\n",
       "      <td>81122.500000</td>\n",
       "      <td>-1.120000</td>\n",
       "      <td>3.611500</td>\n",
       "      <td>1.019501e+06</td>\n",
       "      <td>3.540000</td>\n",
       "      <td>183.500000</td>\n",
       "    </tr>\n",
       "    <tr>\n",
       "      <th>75%</th>\n",
       "      <td>0.093332</td>\n",
       "      <td>0.265059</td>\n",
       "      <td>5.720000</td>\n",
       "      <td>874.000000</td>\n",
       "      <td>131413.000000</td>\n",
       "      <td>132187.387500</td>\n",
       "      <td>-0.600000</td>\n",
       "      <td>4.172000</td>\n",
       "      <td>1.174981e+06</td>\n",
       "      <td>4.150000</td>\n",
       "      <td>275.000000</td>\n",
       "    </tr>\n",
       "    <tr>\n",
       "      <th>max</th>\n",
       "      <td>3.465736</td>\n",
       "      <td>4.058148</td>\n",
       "      <td>11.350000</td>\n",
       "      <td>1370.000000</td>\n",
       "      <td>259140.250000</td>\n",
       "      <td>302955.500000</td>\n",
       "      <td>1.660000</td>\n",
       "      <td>5.975000</td>\n",
       "      <td>1.573733e+06</td>\n",
       "      <td>6.560000</td>\n",
       "      <td>366.000000</td>\n",
       "    </tr>\n",
       "  </tbody>\n",
       "</table>\n",
       "</div>"
      ],
      "text/plain": [
       "           Returns   Volatility          Sit          INV            DNG  \\\n",
       "count  1825.000000  1825.000000  1830.000000  1830.000000    1830.000000   \n",
       "mean     -0.006612     0.230426     5.007738   559.764481   89909.475410   \n",
       "std       0.419628     0.355495     1.566180   348.303130   51761.103874   \n",
       "min      -4.025352     0.000135     2.250000    80.000000   20309.200000   \n",
       "25%      -0.112186     0.036834     3.980000   249.250000   46073.000000   \n",
       "50%       0.000000     0.103798     4.720000   482.500000   71874.750000   \n",
       "75%       0.093332     0.265059     5.720000   874.000000  131413.000000   \n",
       "max       3.465736     4.058148    11.350000  1370.000000  259140.250000   \n",
       "\n",
       "                 QNG     HHDiffit           Ft           COT         HHst  \\\n",
       "count    1830.000000  1830.000000  1830.000000  1.830000e+03  1830.000000   \n",
       "mean    91564.290164    -1.519760     3.493694  1.055391e+06     3.487978   \n",
       "std     95923.960180     1.356882     0.872201  1.749606e+05     0.936041   \n",
       "min         0.000000    -7.230000     1.687000  7.240870e+05     1.570000   \n",
       "25%      4879.750000    -2.070000     2.772000  9.489800e+05     2.790000   \n",
       "50%     81122.500000    -1.120000     3.611500  1.019501e+06     3.540000   \n",
       "75%    132187.387500    -0.600000     4.172000  1.174981e+06     4.150000   \n",
       "max    302955.500000     1.660000     5.975000  1.573733e+06     6.560000   \n",
       "\n",
       "               TFE  \n",
       "count  1830.000000  \n",
       "mean    183.500000  \n",
       "std     105.683584  \n",
       "min       1.000000  \n",
       "25%      92.000000  \n",
       "50%     183.500000  \n",
       "75%     275.000000  \n",
       "max     366.000000  "
      ]
     },
     "execution_count": 5,
     "metadata": {},
     "output_type": "execute_result"
    }
   ],
   "source": [
    "df.describe()"
   ]
  },
  {
   "cell_type": "code",
   "execution_count": 6,
   "id": "e244f6c9",
   "metadata": {
    "scrolled": true
   },
   "outputs": [
    {
     "data": {
      "text/html": [
       "<div>\n",
       "<style scoped>\n",
       "    .dataframe tbody tr th:only-of-type {\n",
       "        vertical-align: middle;\n",
       "    }\n",
       "\n",
       "    .dataframe tbody tr th {\n",
       "        vertical-align: top;\n",
       "    }\n",
       "\n",
       "    .dataframe thead th {\n",
       "        text-align: right;\n",
       "    }\n",
       "</style>\n",
       "<table border=\"1\" class=\"dataframe\">\n",
       "  <thead>\n",
       "    <tr style=\"text-align: right;\">\n",
       "      <th></th>\n",
       "      <th>Returns</th>\n",
       "      <th>Volatility</th>\n",
       "      <th>Sit</th>\n",
       "      <th>INV</th>\n",
       "      <th>DNG</th>\n",
       "      <th>QNG</th>\n",
       "      <th>HHDiffit</th>\n",
       "      <th>Ft</th>\n",
       "      <th>COT</th>\n",
       "      <th>HHst</th>\n",
       "      <th>TFE</th>\n",
       "    </tr>\n",
       "  </thead>\n",
       "  <tbody>\n",
       "    <tr>\n",
       "      <th>Returns</th>\n",
       "      <td>1.000000</td>\n",
       "      <td>0.002303</td>\n",
       "      <td>0.076300</td>\n",
       "      <td>-0.016473</td>\n",
       "      <td>-0.005002</td>\n",
       "      <td>-0.020108</td>\n",
       "      <td>-0.094882</td>\n",
       "      <td>-0.019534</td>\n",
       "      <td>-0.000457</td>\n",
       "      <td>-0.010059</td>\n",
       "      <td>-0.005951</td>\n",
       "    </tr>\n",
       "    <tr>\n",
       "      <th>Volatility</th>\n",
       "      <td>0.002303</td>\n",
       "      <td>1.000000</td>\n",
       "      <td>-0.139764</td>\n",
       "      <td>-0.018195</td>\n",
       "      <td>-0.004930</td>\n",
       "      <td>0.048203</td>\n",
       "      <td>0.282832</td>\n",
       "      <td>0.174906</td>\n",
       "      <td>0.063871</td>\n",
       "      <td>0.177772</td>\n",
       "      <td>-0.041092</td>\n",
       "    </tr>\n",
       "    <tr>\n",
       "      <th>Sit</th>\n",
       "      <td>0.076300</td>\n",
       "      <td>-0.139764</td>\n",
       "      <td>1.000000</td>\n",
       "      <td>-0.049910</td>\n",
       "      <td>0.247112</td>\n",
       "      <td>-0.061842</td>\n",
       "      <td>-0.804160</td>\n",
       "      <td>0.503202</td>\n",
       "      <td>-0.147051</td>\n",
       "      <td>0.507488</td>\n",
       "      <td>-0.354741</td>\n",
       "    </tr>\n",
       "    <tr>\n",
       "      <th>INV</th>\n",
       "      <td>-0.016473</td>\n",
       "      <td>-0.018195</td>\n",
       "      <td>-0.049910</td>\n",
       "      <td>1.000000</td>\n",
       "      <td>0.553788</td>\n",
       "      <td>0.420146</td>\n",
       "      <td>-0.058615</td>\n",
       "      <td>-0.148005</td>\n",
       "      <td>-0.021293</td>\n",
       "      <td>-0.168477</td>\n",
       "      <td>0.069823</td>\n",
       "    </tr>\n",
       "    <tr>\n",
       "      <th>DNG</th>\n",
       "      <td>-0.005002</td>\n",
       "      <td>-0.004930</td>\n",
       "      <td>0.247112</td>\n",
       "      <td>0.553788</td>\n",
       "      <td>1.000000</td>\n",
       "      <td>0.391351</td>\n",
       "      <td>-0.283760</td>\n",
       "      <td>-0.010827</td>\n",
       "      <td>0.021907</td>\n",
       "      <td>0.002130</td>\n",
       "      <td>0.041992</td>\n",
       "    </tr>\n",
       "    <tr>\n",
       "      <th>QNG</th>\n",
       "      <td>-0.020108</td>\n",
       "      <td>0.048203</td>\n",
       "      <td>-0.061842</td>\n",
       "      <td>0.420146</td>\n",
       "      <td>0.391351</td>\n",
       "      <td>1.000000</td>\n",
       "      <td>0.034444</td>\n",
       "      <td>-0.056424</td>\n",
       "      <td>0.034047</td>\n",
       "      <td>-0.053544</td>\n",
       "      <td>0.089608</td>\n",
       "    </tr>\n",
       "    <tr>\n",
       "      <th>HHDiffit</th>\n",
       "      <td>-0.094882</td>\n",
       "      <td>0.282832</td>\n",
       "      <td>-0.804160</td>\n",
       "      <td>-0.058615</td>\n",
       "      <td>-0.283760</td>\n",
       "      <td>0.034444</td>\n",
       "      <td>1.000000</td>\n",
       "      <td>0.096669</td>\n",
       "      <td>0.042539</td>\n",
       "      <td>0.104079</td>\n",
       "      <td>0.044946</td>\n",
       "    </tr>\n",
       "    <tr>\n",
       "      <th>Ft</th>\n",
       "      <td>-0.019534</td>\n",
       "      <td>0.174906</td>\n",
       "      <td>0.503202</td>\n",
       "      <td>-0.148005</td>\n",
       "      <td>-0.010827</td>\n",
       "      <td>-0.056424</td>\n",
       "      <td>0.096669</td>\n",
       "      <td>1.000000</td>\n",
       "      <td>-0.207299</td>\n",
       "      <td>0.982086</td>\n",
       "      <td>-0.571199</td>\n",
       "    </tr>\n",
       "    <tr>\n",
       "      <th>COT</th>\n",
       "      <td>-0.000457</td>\n",
       "      <td>0.063871</td>\n",
       "      <td>-0.147051</td>\n",
       "      <td>-0.021293</td>\n",
       "      <td>0.021907</td>\n",
       "      <td>0.034047</td>\n",
       "      <td>0.042539</td>\n",
       "      <td>-0.207299</td>\n",
       "      <td>1.000000</td>\n",
       "      <td>-0.184381</td>\n",
       "      <td>0.307099</td>\n",
       "    </tr>\n",
       "    <tr>\n",
       "      <th>HHst</th>\n",
       "      <td>-0.010059</td>\n",
       "      <td>0.177772</td>\n",
       "      <td>0.507488</td>\n",
       "      <td>-0.168477</td>\n",
       "      <td>0.002130</td>\n",
       "      <td>-0.053544</td>\n",
       "      <td>0.104079</td>\n",
       "      <td>0.982086</td>\n",
       "      <td>-0.184381</td>\n",
       "      <td>1.000000</td>\n",
       "      <td>-0.528398</td>\n",
       "    </tr>\n",
       "    <tr>\n",
       "      <th>TFE</th>\n",
       "      <td>-0.005951</td>\n",
       "      <td>-0.041092</td>\n",
       "      <td>-0.354741</td>\n",
       "      <td>0.069823</td>\n",
       "      <td>0.041992</td>\n",
       "      <td>0.089608</td>\n",
       "      <td>0.044946</td>\n",
       "      <td>-0.571199</td>\n",
       "      <td>0.307099</td>\n",
       "      <td>-0.528398</td>\n",
       "      <td>1.000000</td>\n",
       "    </tr>\n",
       "  </tbody>\n",
       "</table>\n",
       "</div>"
      ],
      "text/plain": [
       "             Returns  Volatility       Sit       INV       DNG       QNG  \\\n",
       "Returns     1.000000    0.002303  0.076300 -0.016473 -0.005002 -0.020108   \n",
       "Volatility  0.002303    1.000000 -0.139764 -0.018195 -0.004930  0.048203   \n",
       "Sit         0.076300   -0.139764  1.000000 -0.049910  0.247112 -0.061842   \n",
       "INV        -0.016473   -0.018195 -0.049910  1.000000  0.553788  0.420146   \n",
       "DNG        -0.005002   -0.004930  0.247112  0.553788  1.000000  0.391351   \n",
       "QNG        -0.020108    0.048203 -0.061842  0.420146  0.391351  1.000000   \n",
       "HHDiffit   -0.094882    0.282832 -0.804160 -0.058615 -0.283760  0.034444   \n",
       "Ft         -0.019534    0.174906  0.503202 -0.148005 -0.010827 -0.056424   \n",
       "COT        -0.000457    0.063871 -0.147051 -0.021293  0.021907  0.034047   \n",
       "HHst       -0.010059    0.177772  0.507488 -0.168477  0.002130 -0.053544   \n",
       "TFE        -0.005951   -0.041092 -0.354741  0.069823  0.041992  0.089608   \n",
       "\n",
       "            HHDiffit        Ft       COT      HHst       TFE  \n",
       "Returns    -0.094882 -0.019534 -0.000457 -0.010059 -0.005951  \n",
       "Volatility  0.282832  0.174906  0.063871  0.177772 -0.041092  \n",
       "Sit        -0.804160  0.503202 -0.147051  0.507488 -0.354741  \n",
       "INV        -0.058615 -0.148005 -0.021293 -0.168477  0.069823  \n",
       "DNG        -0.283760 -0.010827  0.021907  0.002130  0.041992  \n",
       "QNG         0.034444 -0.056424  0.034047 -0.053544  0.089608  \n",
       "HHDiffit    1.000000  0.096669  0.042539  0.104079  0.044946  \n",
       "Ft          0.096669  1.000000 -0.207299  0.982086 -0.571199  \n",
       "COT         0.042539 -0.207299  1.000000 -0.184381  0.307099  \n",
       "HHst        0.104079  0.982086 -0.184381  1.000000 -0.528398  \n",
       "TFE         0.044946 -0.571199  0.307099 -0.528398  1.000000  "
      ]
     },
     "execution_count": 6,
     "metadata": {},
     "output_type": "execute_result"
    }
   ],
   "source": [
    "df.corr()"
   ]
  },
  {
   "cell_type": "code",
   "execution_count": 7,
   "id": "308cc6ae",
   "metadata": {},
   "outputs": [],
   "source": [
    "corrs = df.corr()"
   ]
  },
  {
   "cell_type": "code",
   "execution_count": 8,
   "id": "8efd89f3",
   "metadata": {
    "scrolled": true
   },
   "outputs": [
    {
     "data": {
      "text/html": [
       "<div>\n",
       "<style scoped>\n",
       "    .dataframe tbody tr th:only-of-type {\n",
       "        vertical-align: middle;\n",
       "    }\n",
       "\n",
       "    .dataframe tbody tr th {\n",
       "        vertical-align: top;\n",
       "    }\n",
       "\n",
       "    .dataframe thead th {\n",
       "        text-align: right;\n",
       "    }\n",
       "</style>\n",
       "<table border=\"1\" class=\"dataframe\">\n",
       "  <thead>\n",
       "    <tr style=\"text-align: right;\">\n",
       "      <th></th>\n",
       "      <th>Returns</th>\n",
       "      <th>Volatility</th>\n",
       "      <th>Sit</th>\n",
       "      <th>INV</th>\n",
       "      <th>DNG</th>\n",
       "      <th>QNG</th>\n",
       "      <th>HHDiffit</th>\n",
       "      <th>Ft</th>\n",
       "      <th>COT</th>\n",
       "      <th>HHst</th>\n",
       "      <th>TFE</th>\n",
       "    </tr>\n",
       "  </thead>\n",
       "  <tbody>\n",
       "    <tr>\n",
       "      <th>Returns</th>\n",
       "      <td>1.000000</td>\n",
       "      <td>0.002303</td>\n",
       "      <td>0.076300</td>\n",
       "      <td>-0.016473</td>\n",
       "      <td>-0.005002</td>\n",
       "      <td>-0.020108</td>\n",
       "      <td>-0.094882</td>\n",
       "      <td>-0.019534</td>\n",
       "      <td>-0.000457</td>\n",
       "      <td>-0.010059</td>\n",
       "      <td>-0.005951</td>\n",
       "    </tr>\n",
       "    <tr>\n",
       "      <th>Volatility</th>\n",
       "      <td>0.002303</td>\n",
       "      <td>1.000000</td>\n",
       "      <td>-0.139764</td>\n",
       "      <td>-0.018195</td>\n",
       "      <td>-0.004930</td>\n",
       "      <td>0.048203</td>\n",
       "      <td>0.282832</td>\n",
       "      <td>0.174906</td>\n",
       "      <td>0.063871</td>\n",
       "      <td>0.177772</td>\n",
       "      <td>-0.041092</td>\n",
       "    </tr>\n",
       "    <tr>\n",
       "      <th>Sit</th>\n",
       "      <td>0.076300</td>\n",
       "      <td>-0.139764</td>\n",
       "      <td>1.000000</td>\n",
       "      <td>-0.049910</td>\n",
       "      <td>0.247112</td>\n",
       "      <td>-0.061842</td>\n",
       "      <td>-0.804160</td>\n",
       "      <td>0.503202</td>\n",
       "      <td>-0.147051</td>\n",
       "      <td>0.507488</td>\n",
       "      <td>-0.354741</td>\n",
       "    </tr>\n",
       "    <tr>\n",
       "      <th>INV</th>\n",
       "      <td>-0.016473</td>\n",
       "      <td>-0.018195</td>\n",
       "      <td>-0.049910</td>\n",
       "      <td>1.000000</td>\n",
       "      <td>0.553788</td>\n",
       "      <td>0.420146</td>\n",
       "      <td>-0.058615</td>\n",
       "      <td>-0.148005</td>\n",
       "      <td>-0.021293</td>\n",
       "      <td>-0.168477</td>\n",
       "      <td>0.069823</td>\n",
       "    </tr>\n",
       "    <tr>\n",
       "      <th>DNG</th>\n",
       "      <td>-0.005002</td>\n",
       "      <td>-0.004930</td>\n",
       "      <td>0.247112</td>\n",
       "      <td>0.553788</td>\n",
       "      <td>1.000000</td>\n",
       "      <td>0.391351</td>\n",
       "      <td>-0.283760</td>\n",
       "      <td>-0.010827</td>\n",
       "      <td>0.021907</td>\n",
       "      <td>0.002130</td>\n",
       "      <td>0.041992</td>\n",
       "    </tr>\n",
       "    <tr>\n",
       "      <th>QNG</th>\n",
       "      <td>-0.020108</td>\n",
       "      <td>0.048203</td>\n",
       "      <td>-0.061842</td>\n",
       "      <td>0.420146</td>\n",
       "      <td>0.391351</td>\n",
       "      <td>1.000000</td>\n",
       "      <td>0.034444</td>\n",
       "      <td>-0.056424</td>\n",
       "      <td>0.034047</td>\n",
       "      <td>-0.053544</td>\n",
       "      <td>0.089608</td>\n",
       "    </tr>\n",
       "    <tr>\n",
       "      <th>HHDiffit</th>\n",
       "      <td>-0.094882</td>\n",
       "      <td>0.282832</td>\n",
       "      <td>-0.804160</td>\n",
       "      <td>-0.058615</td>\n",
       "      <td>-0.283760</td>\n",
       "      <td>0.034444</td>\n",
       "      <td>1.000000</td>\n",
       "      <td>0.096669</td>\n",
       "      <td>0.042539</td>\n",
       "      <td>0.104079</td>\n",
       "      <td>0.044946</td>\n",
       "    </tr>\n",
       "    <tr>\n",
       "      <th>Ft</th>\n",
       "      <td>-0.019534</td>\n",
       "      <td>0.174906</td>\n",
       "      <td>0.503202</td>\n",
       "      <td>-0.148005</td>\n",
       "      <td>-0.010827</td>\n",
       "      <td>-0.056424</td>\n",
       "      <td>0.096669</td>\n",
       "      <td>1.000000</td>\n",
       "      <td>-0.207299</td>\n",
       "      <td>0.982086</td>\n",
       "      <td>-0.571199</td>\n",
       "    </tr>\n",
       "    <tr>\n",
       "      <th>COT</th>\n",
       "      <td>-0.000457</td>\n",
       "      <td>0.063871</td>\n",
       "      <td>-0.147051</td>\n",
       "      <td>-0.021293</td>\n",
       "      <td>0.021907</td>\n",
       "      <td>0.034047</td>\n",
       "      <td>0.042539</td>\n",
       "      <td>-0.207299</td>\n",
       "      <td>1.000000</td>\n",
       "      <td>-0.184381</td>\n",
       "      <td>0.307099</td>\n",
       "    </tr>\n",
       "    <tr>\n",
       "      <th>HHst</th>\n",
       "      <td>-0.010059</td>\n",
       "      <td>0.177772</td>\n",
       "      <td>0.507488</td>\n",
       "      <td>-0.168477</td>\n",
       "      <td>0.002130</td>\n",
       "      <td>-0.053544</td>\n",
       "      <td>0.104079</td>\n",
       "      <td>0.982086</td>\n",
       "      <td>-0.184381</td>\n",
       "      <td>1.000000</td>\n",
       "      <td>-0.528398</td>\n",
       "    </tr>\n",
       "    <tr>\n",
       "      <th>TFE</th>\n",
       "      <td>-0.005951</td>\n",
       "      <td>-0.041092</td>\n",
       "      <td>-0.354741</td>\n",
       "      <td>0.069823</td>\n",
       "      <td>0.041992</td>\n",
       "      <td>0.089608</td>\n",
       "      <td>0.044946</td>\n",
       "      <td>-0.571199</td>\n",
       "      <td>0.307099</td>\n",
       "      <td>-0.528398</td>\n",
       "      <td>1.000000</td>\n",
       "    </tr>\n",
       "  </tbody>\n",
       "</table>\n",
       "</div>"
      ],
      "text/plain": [
       "             Returns  Volatility       Sit       INV       DNG       QNG  \\\n",
       "Returns     1.000000    0.002303  0.076300 -0.016473 -0.005002 -0.020108   \n",
       "Volatility  0.002303    1.000000 -0.139764 -0.018195 -0.004930  0.048203   \n",
       "Sit         0.076300   -0.139764  1.000000 -0.049910  0.247112 -0.061842   \n",
       "INV        -0.016473   -0.018195 -0.049910  1.000000  0.553788  0.420146   \n",
       "DNG        -0.005002   -0.004930  0.247112  0.553788  1.000000  0.391351   \n",
       "QNG        -0.020108    0.048203 -0.061842  0.420146  0.391351  1.000000   \n",
       "HHDiffit   -0.094882    0.282832 -0.804160 -0.058615 -0.283760  0.034444   \n",
       "Ft         -0.019534    0.174906  0.503202 -0.148005 -0.010827 -0.056424   \n",
       "COT        -0.000457    0.063871 -0.147051 -0.021293  0.021907  0.034047   \n",
       "HHst       -0.010059    0.177772  0.507488 -0.168477  0.002130 -0.053544   \n",
       "TFE        -0.005951   -0.041092 -0.354741  0.069823  0.041992  0.089608   \n",
       "\n",
       "            HHDiffit        Ft       COT      HHst       TFE  \n",
       "Returns    -0.094882 -0.019534 -0.000457 -0.010059 -0.005951  \n",
       "Volatility  0.282832  0.174906  0.063871  0.177772 -0.041092  \n",
       "Sit        -0.804160  0.503202 -0.147051  0.507488 -0.354741  \n",
       "INV        -0.058615 -0.148005 -0.021293 -0.168477  0.069823  \n",
       "DNG        -0.283760 -0.010827  0.021907  0.002130  0.041992  \n",
       "QNG         0.034444 -0.056424  0.034047 -0.053544  0.089608  \n",
       "HHDiffit    1.000000  0.096669  0.042539  0.104079  0.044946  \n",
       "Ft          0.096669  1.000000 -0.207299  0.982086 -0.571199  \n",
       "COT         0.042539 -0.207299  1.000000 -0.184381  0.307099  \n",
       "HHst        0.104079  0.982086 -0.184381  1.000000 -0.528398  \n",
       "TFE         0.044946 -0.571199  0.307099 -0.528398  1.000000  "
      ]
     },
     "execution_count": 8,
     "metadata": {},
     "output_type": "execute_result"
    }
   ],
   "source": [
    "corrs"
   ]
  },
  {
   "cell_type": "code",
   "execution_count": 9,
   "id": "c15d7fb2",
   "metadata": {
    "scrolled": false
   },
   "outputs": [
    {
     "data": {
      "text/plain": [
       "[]"
      ]
     },
     "execution_count": 9,
     "metadata": {},
     "output_type": "execute_result"
    },
    {
     "data": {
